S = [150 150 150 160]; % June 2004 salaries
S = S + 10; % June 2005 salaries
S = S + 0.1*S % June 2006 salaries (10% increase)
